1.187225e-02
-3.811377e-03
1.927500e-02
2.851822e-01
1.624679e+00
1.421914e+00
2.653250e-01
1.491596e-01
2.766857e-01
1.157292e-01
-1.021736e-02
-1.016400e-02
4.094256e-02
2.619441e-02
1.680749e-02
2.628983e-02
3.320620e-01
5.975305e-01
1.415753e-01
-1.143006e-01
-1.625320e-02
7.061836e-02
4.521759e-02
1.437138e-02
3.382886e-02
1.318926e-02
-5.043288e-03
1.755769e-02
2.828164e-01
1.595314e+00
1.393358e+00
5.214278e-02
-4.543931e-01
-1.745015e-01
1.166633e-01
1.442240e-01
3.242642e-02
-9.900134e-03
-7.576882e-03
2.602327e-02
4.449431e-02
3.349145e-01
5.861303e-01
1.348777e-01
-1.104219e-01
-1.222511e-02
7.196448e-02
4.380920e-02
1.115400e-02
3.156717e-02
1.457591e-02
-3.009222e-03
1.695686e-02
2.813058e-01
1.585962e+00
1.385221e+00
5.008858e-02
-4.530219e-01
-1.739971e-01
1.155352e-01
1.442737e-01
3.300020e-02
-1.002114e-02
-7.132746e-03
2.696803e-02
4.531808e-02
3.356466e-01
5.869301e-01
1.336937e-01
-1.143718e-01
-1.539824e-02
6.834025e-02
3.901661e-02
5.573818e-03
2.480910e-02
6.622211e-03
-8.951630e-03
1.359837e-02
2.999425e-01
1.615020e+00
1.343120e+00
1.154718e-02
-4.488418e-01
-1.591086e-01
1.175839e-01
1.391721e-01
2.927869e-02
-1.055501e-02
-8.584982e-03
2.602184e-02
4.464178e-02
3.340235e-01
5.918741e-01
1.359426e-01
-1.155159e-01
-1.635955e-02
6.759381e-02
3.935700e-02
6.870192e-03
2.545860e-02
7.637861e-03
-8.854326e-03
1.405788e-02
3.003787e-01
1.632821e+00
1.355797e+00
-4.858600e-02
-4.299833e-01
-1.206686e-01
1.748288e-01
2.030077e-01
1.417567e-01
1.233720e-01
8.763752e-02
5.284730e-02
-4.547596e-02
1.075203e-02
4.860095e-01
2.112253e-01
-1.410308e-01
-9.877956e-02
2.000975e-02
3.549607e-02
1.014071e-01
1.454108e-01
7.420879e-02
1.628854e-02
4.613630e-02
2.140851e-01
1.365652e+00
1.523844e+00
2.186081e-01
-5.142472e-01
-3.325989e-01
2.042747e-02
1.306855e-01
6.001812e-02
2.265540e-02
2.871784e-02
6.715975e-02
9.572999e-02
3.709744e-01
6.098454e-01
1.480343e-01
-1.078800e-01
-1.923695e-02
6.431749e-02
4.239202e-02
1.600602e-02
4.607766e-02
4.117055e-02
2.961447e-02
4.238421e-02
2.727844e-01
1.586288e+00
1.428832e+00
7.703794e-02
-4.610015e-01
-1.851354e-01
1.240061e-01
1.516882e-01
2.387409e-02
-3.112002e-02
-2.579100e-02
2.061868e-02
4.104661e-02
3.325831e-01
5.813726e-01
1.271885e-01
-1.131920e-01
-1.313508e-02
7.068868e-02
4.605479e-02
1.459643e-02
2.860234e-02
5.811096e-03
-1.347836e-02
5.122962e-03
2.720440e-01
1.610908e+00
1.391308e+00
8.391285e-02
-6.893374e-02
6.363170e-01
8.385187e-01
4.941553e-01
9.156704e-03
-1.068641e-01
5.095334e-03
1.011162e-01
9.236922e-02
3.603240e-01
6.169715e-01
1.865989e-01
-7.102964e-02
4.665800e-03
7.200290e-02
4.085209e-02
1.095904e-02
2.687274e-02
2.442949e-03
-1.726462e-02
-7.872835e-04
2.604323e-01
1.599798e+00
1.617644e+00
1.649857e+00
1.780177e+00
1.244142e+00
4.861602e-01
9.079141e-02
3.578713e-02
7.919908e-02
5.191077e-02
3.092417e-02
2.445903e-02
3.555795e-01
6.372978e-01
1.348324e-01
-1.509180e-01
-5.724997e-02
3.540957e-02
1.552168e-02
-1.542234e-02
-1.697749e-03
-1.689418e-02
-1.561884e-02
2.118964e-02
3.022319e-01
1.852840e+00
1.763787e+00
2.384797e-01
-5.102176e-01
-2.416358e-01
1.414141e-01
1.997894e-01
5.369430e-02
-1.588436e-02
-1.035837e-02
3.960852e-02
5.301750e-02
3.500996e-01
6.055876e-01
9.577305e-02
-1.321357e-01
-4.845238e-03
8.453215e-02
4.938135e-02
1.448222e-02
3.588467e-02
2.427757e-02
9.706855e-03
2.918817e-02
3.010805e-01
1.841539e+00
2.086919e+00
1.406349e+00
3.291143e-01
-4.284112e-01
-2.596955e-01
1.154913e-01
1.535814e-01
1.951336e-02
-6.443876e-02
-1.166271e-02
5.370048e-02
3.719923e-01
6.246204e-01
1.022764e-01
-1.278700e-01
3.489600e-03
9.024609e-02
4.833043e-02
4.276255e-03
1.594449e-02
1.192344e-03
-5.185572e-03
1.539153e-02
2.930227e-01
1.814833e+00
1.744973e+00
2.194703e-01
-5.362350e-01
-2.714558e-01
1.158878e-01
1.859908e-01
4.875392e-02
-1.655425e-02
-8.435729e-03
4.906063e-02
7.326412e-02
3.656760e-01
6.186587e-01
1.145126e-01
-1.132123e-01
6.460859e-03
8.331943e-02
4.101745e-02
1.345966e-03
1.631342e-02
-2.089036e-03
-1.700892e-02
3.174654e-03
2.945108e-01
1.801731e+00
1.722504e+00
2.110481e-01
-5.325133e-01
-2.688568e-01
1.112644e-01
1.786937e-01
4.046278e-02
-2.418877e-02
-1.770558e-02
3.463027e-02
5.495254e-02
3.484532e-01
5.949332e-01
9.541991e-02
-1.261746e-01
-6.622736e-03
7.310049e-02
3.415011e-02
-2.657232e-03
1.733709e-02
5.580579e-03
-4.923473e-03
1.677445e-02
3.056982e-01
1.791872e+00
1.737391e+00
2.376489e-01
-5.131717e-01
-2.557267e-01
1.252918e-01
1.920127e-01
5.033459e-02
-1.891614e-02
-1.490901e-02
3.619964e-02
5.583544e-02
3.431973e-01
5.856247e-01
9.101536e-02
-1.275312e-01
-6.973109e-03
7.272675e-02
3.607280e-02
3.001051e-03
2.327863e-02
1.151569e-02
1.235029e-03
2.163059e-02
3.037038e-01
1.769241e+00
1.724959e+00
2.349522e-01
-5.187663e-01
-2.703968e-01
1.059901e-01
1.722349e-01
3.273003e-02
-3.686081e-02
-3.161695e-02
2.175879e-02
4.470950e-02
3.343312e-01
5.773935e-01
9.104763e-02
-1.203164e-01
1.180065e-03
8.007064e-02
4.311205e-02
8.316773e-03
2.855992e-02
1.443049e-02
1.642094e-03
2.188469e-02
3.053950e-01
1.758543e+00
1.717910e+00
2.245755e-01
-5.179212e-01
-2.597773e-01
1.167875e-01
1.826624e-01
4.428908e-02
-2.309461e-02
-1.613654e-02
3.697154e-02
5.849076e-02
3.452516e-01
5.793416e-01
9.521536e-02
-1.146908e-01
4.497465e-03
8.012559e-02
4.077222e-02
6.521354e-03
2.578577e-02
9.873489e-03
-3.822176e-03
1.547555e-02
2.705462e-01
1.659651e+00
1.827095e+00
1.323664e+00
9.983973e-01
7.134385e-02
-3.449281e-01
-7.814301e-02
1.489183e-01
1.206973e-01
-1.024451e-02
-2.701867e-02
2.883001e-02
3.573181e-01
5.833452e-01
7.843916e-02
-1.380486e-01
-7.042467e-03
7.772607e-02
4.155210e-02
6.028324e-03
2.222264e-02
5.508373e-03
-1.156434e-03
2.682647e-02
3.006787e-01
1.673510e+00
2.007217e+00
1.446399e+00
4.473731e-01
-3.774628e-01
-2.669397e-01
1.205030e-01
1.869462e-01
5.270719e-02
-4.701934e-02
-7.419250e-03
5.671071e-02
3.661389e-01
5.818523e-01
7.803013e-02
-1.298766e-01
1.345399e-03
7.843630e-02
3.382135e-02
-4.352913e-03
1.461398e-02
1.070538e-03
-8.110578e-03
1.650580e-02
2.949849e-01
1.668909e+00
1.625819e+00
2.000416e-01
-4.976189e-01
-2.434778e-01
1.130942e-01
1.727429e-01
4.308046e-02
-1.832604e-02
-1.240824e-02
3.512376e-02
5.536176e-02
3.393315e-01
5.708888e-01
8.986792e-02
-1.190719e-01
4.289469e-04
7.430384e-02
3.331750e-02
-2.695027e-04
2.087476e-02
6.287229e-03
-6.622556e-03
1.583480e-02
3.018708e-01
1.687663e+00
1.667226e+00
2.231686e-01
-5.011819e-01
-2.496506e-01
1.168498e-01
1.779832e-01
4.247053e-02
-2.214594e-02
-1.696863e-02
3.150061e-02
5.021975e-02
3.312939e-01
5.663830e-01
8.784343e-02
-1.208651e-01
-2.968500e-03
7.123091e-02
3.307609e-02
-1.510512e-03
1.813128e-02
5.201211e-03
-6.762849e-03
1.398298e-02
3.027394e-01
1.690731e+00
1.675967e+00
2.215280e-01
-5.092679e-01
-2.537432e-01
1.156351e-01
1.784599e-01
4.327592e-02
-2.205605e-02
-1.572754e-02
3.592680e-02
5.582946e-02
3.410215e-01
5.690664e-01
8.934616e-02
-1.159511e-01
3.701201e-03
7.741873e-02
3.767910e-02
3.106996e-03
2.302747e-02
8.523050e-03
-4.184579e-03
1.635013e-02
2.973525e-01
1.684621e+00
1.689182e+00
2.392104e-01
-5.081939e-01
-2.621095e-01
1.125959e-01
1.800971e-01
4.359618e-02
-2.500030e-02
-1.919658e-02
3.137079e-02
5.308576e-02
3.363821e-01
5.652542e-01
8.676320e-02
-1.190498e-01
1.422694e-03
7.516560e-02
3.561973e-02
3.070644e-03
2.306744e-02
8.279328e-03
-4.705678e-03
1.671036e-02
3.000479e-01
1.678771e+00
1.661898e+00
2.297327e-01
-5.012739e-01
-2.566650e-01
1.108958e-01
1.760895e-01
4.202671e-02
-2.292597e-02
-1.770143e-02
3.327546e-02
5.472683e-02
3.407395e-01
5.690266e-01
8.947090e-02
-1.152089e-01
5.348058e-03
7.820415e-02
3.862111e-02
3.662360e-03
2.310442e-02
8.268363e-03
-6.265104e-03
1.457125e-02
3.012896e-01
1.676658e+00
1.621071e+00
5.350325e-01
1.058400e+00
2.012270e+00
1.590626e+00
6.338874e-01
9.680503e-02
1.756646e-02
4.559778e-02
5.737714e-02
3.990542e-02
3.375859e-01
6.081515e-01
1.162777e-01
-1.176348e-01
-3.016952e-03
7.813919e-02
4.454969e-02
1.489646e-02
3.319302e-02
1.240343e-02
-6.356531e-03
1.760338e-02
2.893845e-01
1.501279e+00
1.575653e+00
1.592757e+00
1.245139e+00
8.130338e-01
9.728583e-01
7.844200e-01
3.062679e-01
2.751778e-02
-3.021782e-02
2.603494e-02
5.951046e-02
3.684199e-01
6.285811e-01
9.642750e-02
-1.372576e-01
-5.719406e-03
7.728481e-02
4.134853e-02
5.351819e-03
1.966326e-02
4.785960e-03
-4.519575e-03
1.973715e-02
2.979162e-01
1.629973e+00
1.373792e+00
2.395862e-02
-4.562645e-01
-1.662536e-01
1.200920e-01
1.436722e-01
2.657874e-02
-1.838676e-02
-1.108843e-02
3.013404e-02
4.654509e-02
3.428757e-01
6.128298e-01
1.066571e-01
-1.284176e-01
-7.016540e-03
7.752939e-02
4.292908e-02
8.504023e-03
2.701664e-02
1.023437e-02
-4.049651e-03
2.125897e-02
3.032808e-01
1.635230e+00
1.368717e+00
1.724497e-02
-4.552361e-01
-1.632710e-01
1.206966e-01
1.423117e-01
2.578376e-02
-1.605376e-02
-9.149334e-03
3.024899e-02
4.484169e-02
3.400757e-01
6.117670e-01
1.052111e-01
-1.320978e-01
-1.136446e-02
7.444414e-02
3.940569e-02
3.033863e-03
2.120251e-02
6.661854e-03
-5.168937e-03
1.697039e-02
3.049894e-01
1.639591e+00
1.356050e+00
6.645842e-03
-4.560179e-01
-1.613584e-01
1.206304e-01
1.404665e-01
2.447811e-02
-1.637776e-02
-9.548932e-03
3.091253e-02
4.566350e-02
3.403191e-01
6.155683e-01
1.099674e-01
-1.294796e-01
-9.810588e-03
7.676320e-02
4.250186e-02
5.974964e-03
2.240731e-02
7.776771e-03
-4.364432e-03
1.839614e-02
3.078411e-01
1.643369e+00
1.361150e+00
7.716000e-03
-4.566970e-01
-1.604762e-01
1.213452e-01
1.419789e-01
2.579700e-02
-1.576868e-02
-8.789835e-03
3.115257e-02
4.527184e-02
3.413014e-01
6.141952e-01
1.067438e-01
-1.313480e-01
-1.136649e-02
7.490722e-02
4.024031e-02
4.688242e-03
2.170449e-02
6.357486e-03
-5.866004e-03
1.753435e-02
3.014890e-01
1.638634e+00
1.370515e+00
1.702602e-02
-4.562748e-01
-1.631524e-01
1.227291e-01
1.460162e-01
2.790635e-02
-1.447742e-02
-7.683298e-03
3.243881e-02
4.794438e-02
3.441177e-01
6.162146e-01
1.082361e-01
-1.301252e-01
-9.266839e-03
7.649863e-02
4.150343e-02
6.440906e-03
2.313172e-02
8.341538e-03
-4.193400e-03
1.838839e-02
3.032826e-01
1.641069e+00
1.368378e+00
1.474625e-02
-4.571592e-01
-1.631227e-01
1.220833e-01
1.437055e-01
2.734692e-02
-1.520031e-02
-8.464407e-03
3.214289e-02
4.625805e-02
3.428928e-01
6.145321e-01
1.057761e-01
-1.320208e-01
-1.105717e-02
7.398873e-02
4.007304e-02
3.148810e-03
2.063202e-02
6.268838e-03
-6.374465e-03
1.738824e-02
3.059075e-01
1.643970e+00
1.363464e+00
9.209940e-03
-4.556117e-01
-1.589052e-01
1.237604e-01
1.455049e-01
2.886820e-02
-1.311910e-02
-6.022904e-03
3.374099e-02
4.853192e-02
3.465849e-01
6.168916e-01
1.084514e-01
-1.284240e-01
-6.504028e-03
7.986730e-02
4.616528e-02
1.111519e-02
2.942788e-02


