299.551920971	0
193.303323588	1
43.0501783942	2
137.030730765	3
60.098979929	4
20.1813092948	5
26.1041052361	6
-10.4169917179	7
18.8091602343	8
-16.279892907	9
17.2869249357	10
-8.5398833876	11
-18.0889980211	12
-12.8294798171	13
-47.3422234143	14
-24.9744992472	15
-10.6698320596	16
-37.5790175228	17
-52.6308314682	18
-48.9879038749	19
-43.2092557115	20
-50.8261575435	21
-65.4345069597	22
-40.4498969613	23
-55.3445326458	24
-36.9760626275	25
-33.2532058579	26
-37.9773193223	27
-46.2901436057	28
-23.8987647608	29
17.102006052	30
3.49245965481e-10	31
-6.83275756793	32
1.60024930636	33
7.49051383958	34
-3.21354869145	35
-10.731557216	36
0.0639766738459	37
5.41031074221	38
2.16041859763	39
3.63603347569	40
3.14817315544	41
1.27003585681	42
0.658859215881	43
9.56947276604	44
5.92131881753	45
3.80736134259	46
8.45894308246	47
10.8728523467	48
12.713103073	49
5.40707673348	50
13.372960497	51
22.9575378505	52
13.8424806982	53
11.6504361353	54
17.3560385314	55
17.0573285075	56
14.0760542394	57
17.3926484596	58
13.212223575	59
6.75889496348	60
7.43697139804	61
3.91982277433	62
2.03726813197e-09	63
608769238e-09	63
